$ANSIBLE_VAULT;1.1;AES256
66343835316262353632356164643830396333626266343262636231383139336439663031383066
3332363737353961633031636566363561346335326261390a383137663931356266653737616361
61303761626666323166663834626233323063393966666139663637336162613265666637383133
3661616431393131380a326133656365323138393037336164356636386265303865636365356264
62396334373638306330353761393161323162643933383536343533353865643331643134373036
34353365653466353762653865383463613932353237656439613731623463656639326362323633
61656139383233626561336161313864633361363963366661343532613335393464323361343336
63643638363739343732353936333763643036303430666439313130313539663030646134313538
33363437663965316662393839383234636561396633656332643934373764326634633664303664
61346538616565656334633465336464343038613065623730343131633938343161373765313035
33663061666135333437343935656164636539353134393539346432666464323530383931373035
32323863373063383932636535386263393864613231633961323863623331643561323462333834
32343136633438343336393961663464333537623439323735613061336133376362666533653261
61326230356565666238633339656535616138363431333232663535393131313162396165373431
61393465393365643463393634366133353038613139613231663663316531393337313234626336
32663633373432343665386336623065653835626531656231373532336466643835383335323931
66613164666262623331316330323239643364363363613630376633303838613066373963343739
30303864353233653932656461613333386436316231646632343466376165636666353133616562
65303431356337396464336534373634356263626530316534376230646365393336373265353361
39643833383938373966313662323835386566303263666136393839633962656130656131386266
34393135636461356639393566306339343665646231633230373464656532323962383836306634
33373031386335373834633037613463633436313337616334346164316632653061656636623362
32366233663637663335366638613634653862613363623866323165656163353166633737343430
62346565353138383738396531306161346565643066633566366463396139646265373064386333
32323936643536373432353038376432373134393039323230313962663865313733346632666361
37313464643364623737323732343436373532303530306638393864383639363335633830396134
65396566386661336664646331376333653835336663633136633630626662353364613162376465
34373839626331666138303236306362363663663566323335633538613439313364383836666434
64383139633839633039353465383232613562333038656337363131316135626261663733613335
31323939653463373732346161643463653435396631326332366431616339613432663635356136
66633663623838626333386461303565383166653737363730333266626434626663663962643430
31643663633861386163346565663462346132316434613738613261326666663265613934653134
33343061323563313566313237323236653539363165666333613635336161343631626664366263
33623763363966333962633630386361376361396365626532373638613330326332376263306639
30343335633138323830623838343662656635306536653134656237626665623765323732633536
34653664356133386539376635666436393231396232313432376461663632396331316636383537
30626465643864653839616533653163303139653162653261343532353935353236373539363239
30663633386530656435653730353263643964646637616565336464613537363362653335616335
62333865353330363732643230376665313565373631383336386262363037396633633662373134
33353433333364323237376663333930316337343262646566326230343666303231323730386333
36616131363165656230643762656364306664666430316662613062316634306631343634376165
36383361663136616237373535323966353932343731303231623934313238353637613335396361
62353232663965353063313363303833383136356639393432313932303966636632323336306465
30393538393036346433653735366233323134633233326664353536643061346461376366653331
63656635306631333733323863313531386639656265626232653335376134613763636265343233
66366431333162376463383165386565383964376336333765383436616330353432326566626232
34346334303463323634306136663530643461343333623665633866363965303465393766353062
62623238356138663334303839353461366463383933313364316131383364313832643966346363
66626562366630383936376335303664386631373137393536636333613034313636383264666632
62626231383935623562303133346435346162383132666234323530396439383038643463353634
62313731613064636134336365303032633033646436346266373630326330393362346237316565
35613436333364646366343335613033653436376235363339653138613565396562356564636634
30343931636436333835653734333238353035393435353834643661343265363434386132666337
32623235346664636363623938333466393033373162383162386163316265653638643565363635
61363562366636303430613939643031616236303934376166356530383435356332663930633938
33613137626434666263656137336439363236633866326335363838343538333962643931393237
61306335636539323962306266323031653834396164633638383131366531373533623135353437
35326234613737663233636635363431376436316265316666613562383537316161646438366564
35306230376537383161313566616666336535356266623737373462303134323266333464303636
31363364353133346632316139303362366162656133366265616235313166643364633832333837
39643236656239613035313334383865646234363964396436656336613231626665376236356661
64393038326239643736303962663464653533336234356163333235663938643063393535333537
64666635653466653935633063373636616533376666643337633433363935616339633635643161
66386635316234666135363236663566353433383433316662626261353034643037616461636439
30626337323232343136303730303261663964343364316261303363626330373561646138666636
37653838373437396362386663663864356165313034383330386430393338333534623135316234
31626437373433303666613334356130333835313435353230346133623763363438303531333632
33363035346162323661343739313966613339373433343232646630393733353234393830336131
37313431333139373037356537336434646531343362346139336139323834366562366133373238
33636230666264653335616538356430323934383630366231343632356163313033333735653539
64356133343766353662363666383230313131666132643564646161363566316165353032353733
36653239393165373963356439383334646531303361393163363136623830396138396137616638
38663230643666386634663338326164613232646231646239633162386132306236343165613563
32666435353438376532643632646133653439623762643535663461363261383430356239356565
63386664373938363436373938363938643165303466636133383732353337333039653834663136
66633334323264353836306536623639363831343333376361333064353666313936323732316337
66323864313137356634333761356462383863653939373532303965343164353730646130626263
37376665326338623264386166333831383062616136666131623133653534353564616330396461
62353234643363353139383932616131396336366337373036376262303234633030313831643163
33356137363532326631626565353434373135386134303831633531303861313361663736346331
34633564356538666230366662363833653335633565643539313837623361633533323732616439
38636535646563303765333664353761653663306134323663386438646230386263643430323232
38623234316461383930383036356337396133323962383463643064383034313532383161393662
62623164343239623361633833363362643631623062366334653265343862346236646466356439
64343436616166396331366638363731323338666465616635376662356662643466373835393764
32626637633664323739666238653732613964363961626263653235616361326139353939633033
34353965373162363535663765363530343330363938343639363561376263636336383237613634
65326237373064646338636332643637303561333533396339643465363537636236373036366135
30313331366135396366343965366335306434353630393662393562633932353933613462376463
35333534613130343064636537653332383266616131353735343263353263343966623938616265
39306363643065646364303936313863643138663830316232613436336136623132626336386663
35376237653665663035633735613333373030633233396438353731313862343965386463303464
62313732663738303033303265376432353865636538306135383237393361353030323338333063
36363162616330356536656366303735656433613961383639343063376639666262376466656533
34363866613334373962386530633262633633653163666364386466333664376334323761663162
37633662353033353636666463313533343765663232316534386665653665366365396334626462
39663330316664383532636232366435663939383662356564666431633632336266393264643664
39303031623035353364376638383036663861353765376665666630356238356132386439653637
36663638623564646461343235396133643731386535396434653165623261356366376135333036
32626439633662653662313830373264326366623733333562346363633035373430346433373063
65376563396331623165656264303566333639636330333931323665353939323839376263336437
66366132386665333838663437393233393439666437626531373661386333653534663464623939
65613262386561303535326335653061633633353862383332663135656537633039636537396361
66393764363737316633346236323335626563663735653037323065623535646263323137303966
61626335396463636430353839353835653766346634306430643362313933623364646162333730
65323632613633613333383337626230616634656431616534323437616363653665373862383835
64323262316563333264643633626535313265313466346135353963663739393866336131313865
31623963643764663863616262616236306366633935643862663663393363356133626332396365
66633533626633323438303431356562343264646139393362323166303633333035323237376363
31623738356235646430363930636638663861653637663466646130316239666162313561663435
37626164663161383665396336333934626463376239393365653564356530316161393736656432
38663636626630643064636264326264333964656361366263393531343063336137376438646330
39333135313738616162616330353536333832666363383563613965323461653133356365326666
66656465616361616262643930303139326632333363646437663835626534613139663137636132
63333838333635326162383636366465353164656433616664336438343738666463613730373730
61643761353935663331626436653964353762633666636336366633616637313839646631623835
64626161393361393331363237336637316133353337656265643263666436346235636635376564
30323563643930373865323537313866326137323530353231636134376662616530303163393364
37376136393836646135656464373038343466643331306266613165646138353830653161636364
38393235653366633135353236313561663661376330623365663133356162663064353065353931
61353631613232316330353938323061343161356431353239316633393033323964636363303539
38666664353033343938633662346166343264363636366330363136393937333563366163393265
30373438363731656639326531643535633830643934386666396265343064633466653637656161
35663337326530366264623031373733633530633538656166346464393137396665303662326630
35316439653637666333613034633836333738633035636638663366313561346131373833356461
65316237643563626362643135313632336664643030633230376337343934366436353531383230
37353965313361613363303630323633363662356662363736653366363330626136616134643735
33653866663133666232313936626538333630616533373164326533333332306630386231646562
39666561623263366530316137326463626464383733323038323766356466643633666335303430
61316133326637353762363761356136313666333666313063643337373636343165316533323336
39613363376531623439653465373834353766376434326631656566636562653735323161633966
66633539306266376638346166323834366136346465326166383238316438613465343066363630
34653166386634396161646638623830646661633866653564376363333462643662
